.max_integer <- 2147483647L
